0.08829853296765933
Weights
[1.7561086500831065, -0.970091981573313]
[1.8594806344455657, 0.7868889779605814]
[0.30740444500380815, 1.3754772302980864]
[-5.20861607558314, 5.250814835762371, -5.264766925184565]
Biases
[0.9100542378066919, -0.892350714884947, 1.241251116265071]

[-0.6355909669440074, -2.271164461071153, 0.011313334975103935]

[1.6266949984191341, 0.13525011395662812, -0.10700440196382466]

[-0.0024171404391221908, 0.002316365255042222, -0.0019018972183437138]

[0.5502772823374372, 1.9074257667746202, 2.009357056041332]

[0.03409127005516358, 2.833338729147481, 1.824975221958633]

[1.7314817606978279, 1.2054884955681848, -0.858075139457859]

[0.2080216888614949, 1.635186283836563, -0.09330460261200757]

[-1.6218359991381164, -0.05367773714196358, 2.4488772521916617]

[-1.7339064775736972, -1.202374262880317, 0.8568355195797419]

[-3.526333528892144, 0.2424696827659391, 2.450050338419491]

[-1.6501729624021155, -0.13934748067763744, 0.10923160265490241]

[-1.5872626362688853, 1.7911120351052277, 3.079919738923996]

[-1.5250167555439265, 2.732894830124466, 2.096827519799539]

[1.6218811340842048, 0.151166841380891, -2.44991236777744]

[-1.2106762542698268, 1.2736602438264455, -0.8126474173467192]

[-0.009743105598313512]